{
    "translation": [
        [
            0.6423423886299133,
            -0.27506229281425476,
            2.274127244949341
        ],
        [
            -0.6080024838447571,
            0.20254527032375336,
            2.7091429233551025
        ],
        [
            0.7769933342933655,
            0.20802956819534302,
            2.3046534061431885
        ],
        [
            -0.11170310527086258,
            -0.46357494592666626,
            1.9348421096801758
        ],
        [
            -0.6291877031326294,
            -0.46212148666381836,
            2.2831270694732666
        ],
        [
            0.5343890190124512,
            -0.6551174521446228,
            2.2872121334075928
        ],
        [
            0.1425042450428009,
            0.1424601823091507,
            2.5880532264709473
        ],
        [
            -0.19312161207199097,
            0.12971381843090057,
            2.6753439903259277
        ],
        [
            -0.5092625021934509,
            -0.3796308934688568,
            2.480457305908203
        ],
        [
            -0.5302340984344482,
            -0.41470274329185486,
            2.456631898880005
        ],
        [
            0.03458797598433966,
            -0.8245761718955099,
            2.0855522190825617
        ]
    ],
    "rotation": [
        [
            [
                -0.71873939037323,
                0.005920945666730404,
                0.6952543258666992
            ],
            [
                -0.0007816606084816158,
                0.9999561905860901,
                -0.009323920123279095
            ],
            [
                -0.695279061794281,
                -0.007244921289384365,
                -0.7187032699584961
            ]
        ],
        [
            [
                -0.999971866607666,
                0.0074383276514709,
                -0.0009362703422084451
            ],
            [
                0.007459496613591909,
                0.9996567368507385,
                -0.02511349506676197
            ],
            [
                0.0007491465657949448,
                -0.025119774043560028,
                -0.9996840953826904
            ]
        ],
        [
            [
                0.9856103658676147,
                0.0012408469337970018,
                0.1690283864736557
            ],
            [
                -0.0006545172655023634,
                0.9999935626983643,
                -0.0035244959872215986
            ],
            [
                -0.16903166472911835,
                0.0033631478436291218,
                0.9856048226356506
            ]
        ],
        [
            [
                -0.9465593695640564,
                -0.0032534166239202023,
                -0.32251328229904175
            ],
            [
                0.00932026095688343,
                0.9992555975914001,
                -0.0374346598982811
            ],
            [
                0.322394996881485,
                -0.0384400337934494,
                -0.9458244442939758
            ]
        ],
        [
            [
                -0.9391239285469055,
                0.0011545800371095538,
                -0.3435768187046051
            ],
            [
                0.0031924669165164232,
                0.9999805092811584,
                -0.005365803372114897
            ],
            [
                0.34356391429901123,
                -0.006136012263596058,
                -0.9391093254089355
            ]
        ],
        [
            [
                -0.9462980628013611,
                -0.0019529105629771948,
                -0.32328954339027405
            ],
            [
                0.0007156167412176728,
                0.9999666810035706,
                -0.008135221898555756
            ],
            [
                0.32329466938972473,
                -0.007929695770144463,
                -0.9462651610374451
            ]
        ],
        [
            [
                -0.941946268081665,
                -0.0026449982542544603,
                -0.33575332164764404
            ],
            [
                0.0018717850325629115,
                0.9999120831489563,
                -0.01312834769487381
            ],
            [
                0.3357585370540619,
                -0.012994656339287758,
                -0.9418585300445557
            ]
        ],
        [
            [
                -0.9775713086128235,
                0.0014163092710077763,
                -0.21059978008270264
            ],
            [
                0.0026997816748917103,
                0.9999794960021973,
                -0.005806980654597282
            ],
            [
                0.21058723330497742,
                -0.0062453108839690685,
                -0.9775550961494446
            ]
        ],
        [
            [
                -0.6832458972930908,
                0.0026896558701992035,
                0.7301833629608154
            ],
            [
                -0.03271469101309776,
                0.9988763332366943,
                -0.03429112955927849
            ],
            [
                -0.7294551134109497,
                -0.04731699451804161,
                -0.6823901534080505
            ]
        ],
        [
            [
                -0.967536449432373,
                -0.0018614884465932846,
                0.25272485613822937
            ],
            [
                -0.01307037752121687,
                0.9990032911300659,
                -0.04268054664134979
            ],
            [
                -0.252393513917923,
                -0.04459819197654724,
                -0.9665964245796204
            ]
        ],
        [
            [
                1.0,
                0.0,
                0.0
            ],
            [
                0.0,
                1.0,
                0.0
            ],
            [
                0.0,
                0.0,
                1.0
            ]
        ]
    ],
    "scale": [
        [
            0.16397526860237122
        ],
        [
            0.1459420770406723
        ],
        [
            0.10745160281658173
        ],
        [
            0.5464332103729248
        ],
        [
            0.1543923020362854
        ],
        [
            0.15880998969078064
        ],
        [
            0.6463860869407654
        ],
        [
            0.3545019328594208
        ],
        [
            0.09089096635580063
        ],
        [
            0.09422121196985245
        ],
        0.848922221806744
    ],
    "xz2floor": [
        [
            0.9997441172599792,
            0.022587979212403297,
            -0.0012110164389014244
        ],
        [
            -0.02206234633922577,
            0.9854993224143982,
            0.16823868453502655
        ],
        [
            0.004993627779185772,
            -0.16816891729831696,
            0.9857454895973206
        ]
    ],
    "num_parts": [
        10
    ],
    "meshes": [
        "/home/kimj0010/3dscene/SceneConductor/tmp/release-check/SceneConductor/scenes/bedroom_b1/inputs/object/1.glb",
        "/home/kimj0010/3dscene/SceneConductor/tmp/release-check/SceneConductor/scenes/bedroom_b1/inputs/object/2.glb",
        "/home/kimj0010/3dscene/SceneConductor/tmp/release-check/SceneConductor/scenes/bedroom_b1/inputs/object/3.glb",
        "/home/kimj0010/3dscene/SceneConductor/tmp/release-check/SceneConductor/scenes/bedroom_b1/inputs/object/4.glb",
        "/home/kimj0010/3dscene/SceneConductor/tmp/release-check/SceneConductor/scenes/bedroom_b1/inputs/object/7.glb",
        "/home/kimj0010/3dscene/SceneConductor/tmp/release-check/SceneConductor/scenes/bedroom_b1/inputs/object/8.glb",
        "/home/kimj0010/3dscene/SceneConductor/tmp/release-check/SceneConductor/scenes/bedroom_b1/inputs/object/9.glb",
        "/home/kimj0010/3dscene/SceneConductor/tmp/release-check/SceneConductor/scenes/bedroom_b1/inputs/object/12.glb",
        "/home/kimj0010/3dscene/SceneConductor/tmp/release-check/SceneConductor/scenes/bedroom_b1/inputs/object/13.glb",
        "/home/kimj0010/3dscene/SceneConductor/tmp/release-check/SceneConductor/scenes/bedroom_b1/inputs/object/14.glb",
        "/home/kimj0010/3dscene/SceneConductor/tmp/release-check/SceneConductor/scenes/bedroom_b1/floor.obj"
    ],
    "object_id": [
        "obj_1",
        "obj_2",
        "obj_3",
        "obj_4",
        "obj_7",
        "obj_8",
        "obj_9",
        "obj_12",
        "obj_13",
        "obj_14",
        "floor"
    ],
    "shifted_center": [
        -0.008272528648376465,
        0.2049366533756256,
        1.682779312133789
    ],
    "shifted_scale": 1.113527536392212,
    "c2w_extrinsic": [
        [
            0.9997441172599792,
            0.022587979212403297,
            -0.0012110164389014244,
            0.0
        ],
        [
            -0.02206234633922577,
            0.9854993224143982,
            0.16823868453502655,
            0.0
        ],
        [
            0.004993627779185772,
            -0.16816891729831696,
            0.9857454895973206,
            0.0
        ],
        [
            0.0,
            0.0,
            0.0,
            1.0
        ]
    ],
    "intrinsics": [
        [
            1.3627837896347046,
            0.0,
            0.5
        ],
        [
            0.0,
            1.3627837896347046,
            0.5
        ],
        [
            0.0,
            0.0,
            1.0
        ]
    ],
    "blender_focal_length": 49.060216426849365,
    "blender_camera_rotation": [
        80.31199645996094,
        1.2640000581741333,
        179.71400451660156
    ]
}